4.079351385329506585e-01
5.792994184009427061e-02
-1.737358181923998712e+00
1.499744310406362080e-01
-3.762819277635783277e-01
-4.854581328686599639e-01
-5.534537258422942557e-02
-4.528344073488193566e-01
-7.480080724795178382e-01
4.423786204542628497e-01
-1.298039865631758216e+00
-5.624407091164902450e-01
-4.248435422561897545e-01
-1.514668341008244212e+00
-4.368694542857790020e-01
5.670831112308263866e-02
3.300029229381138407e-01
-1.584538297107142446e+00
-1.105381859364103603e+00
1.233816357065806502e+00
8.350113558892622301e-01
-4.117123598194010192e-01
-6.956400740801765847e-02
-1.185254019125541181e+00
-1.219487132299893473e-01
-4.996789848656698063e-01
1.182780958346825617e+00
1.795086269140965529e-01
1.798588173334723317e+00
-1.705967051213647778e+00
1.440740497302936962e+00
-3.667212582166518541e-03
1.020009509952372717e+00
-7.396806934195900851e-01
-4.734039488737699086e-01
-3.636045393809894111e-01
-5.600961679157683282e-01
-1.090003629441429256e+00
4.068848824589159086e-01
2.239033350422304225e-01
3.877068099826712876e-03
-6.896239609009551241e-01
7.117637883574481350e-01
8.531273114544281055e-01
4.223992611359953520e-01
-1.996520237641747353e-01
-8.868780587223952239e-01
2.638028817821179151e-01
-5.991809497155967668e-01
1.699997931101363546e+00
-6.830722140658539443e-01
1.063739792287847985e+00
2.839745566343800376e-01
-6.172912497892364403e-01
6.060261880749884256e-01
1.226334211768668858e+00
-1.391143481905807722e+00
9.416109981677139515e-03
-9.690942758660527900e-01
-5.717670398876603111e-01
4.079723974709682510e-01
-9.324503034013940095e-01
1.888832649254527374e-01
-2.487293360218107985e+00
-5.727714197565033638e-01
-4.945047941001194380e-01
3.113652508101434346e-01
1.047882879819525437e+00
-3.005692073643795870e-01
3.073054969610247156e-01
4.478073764540420609e-01
2.455409121116060855e-01
2.183191536036557454e-02
4.378975367059868562e-01
1.711230306036502169e+00
-2.848163492190249335e-01
1.782507313088026235e+00
2.320783177154336629e-01
2.204264362316466830e+00
2.089505385812031157e+00
8.911395230484601138e-01
4.156144891752681092e-01
-8.195177212737679850e-01
-1.480403939212825426e-01
1.551803678845050660e+00
1.151917265596212214e+00
2.482844188801129892e-01
1.163286305128041764e+00
3.860699296446467033e-01
7.770201829947847028e-01
-8.346803905572854898e-01
-5.067979602066179368e-01
-1.104563735805842162e-01
-2.186782429871049427e+00
-9.721512346714434871e-01
1.409742068690015282e+00
-1.885577356581775943e+00
-1.214404907522663946e+00
1.399341194976503555e+00
-3.851449927552597075e-02
