27.5 7 24
16 26 47
41.5 6.5 30.5
38.5 17 17
12.5 14 24.5
22 43.5 31.5
45 10 3
36.5 45.5 20.5
31.5 48 8.5
18.5 28 17.5
16 27 43.5
10.5 38.5 23.5
46.5 3.5 42.5
32.5 26.5 13.5
11.5 3.5 29.5
23.5 34 39.5
25.5 24.5 42
11.5 49.5 4.5
24.5 39.5 31
28 8 25.5
49 0 39
38.5 15 29
46.5 20 31
15 43 31.5
1 31.5 44.5
38.5 5 43.5
21.5 8.5 41
16.5 32.5 49
26 8.5 34
19.5 47 20
29 39.5 39.5
3 6 48.5
39.5 0 20
25.5 6.5 14.5
30 17 6
18 46 7.5
3 5 36
34.5 49 1.5
10.5 12.5 1
41 9 1
46.5 28.5 37.5
5 30.5 46.5
3 22.5 47
1 27 4
30 26 11
39 35 43.5
0 33 44.5
42.5 18 40.5
48 15.5 41
35 47.5 1.5
